200
83 86 77 15 93 35 86 92 49 21 62 27 90 59 63 26 40 26 72 36 11 68 67 29 82 30 62 23 67 35 29 2 22 58 69 67 93 56 11 42 29 73 21 19 84 37 98 24 15 70 13 26 91 80 56 73 62 70 96 81 5 25 84 27 36 5 46 29 13 57 24 95 82 45 14 67 34 64 43 50 87 8 76 78 88 84 3 51 54 99 32 60 76 68 39 12 26 86 94 39 95 70 34 78 67 1 97 2 17 92 52 56 1 80 86 41 65 89 44 19 40 29 31 17 97 71 81 75 9 27 67 56 97 53 86 65 6 83 19 24 28 71 32 29 3 19 70 68 8 15 40 49 96 23 18 45 46 51 21 55 79 88 64 28 41 50 93 0 34 64 24 14 87 56 43 91 27 65 59 36 32 51 37 28 75 7 74 21 58 95 29 37 35 93 18 28 43 11 28 29 
-1
200
83 86 77 15 93 35 86 92 49 21 62 27 90 59 63 26 40 26 72 36 11 68 67 29 82 30 62 23 67 35 29 2 22 58 69 67 93 56 11 42 29 73 21 19 84 37 98 24 15 70 13 26 91 80 56 73 62 70 96 81 5 25 84 27 36 5 46 29 13 57 24 95 82 45 14 67 34 64 43 50 87 8 76 78 88 84 3 51 54 99 32 60 76 68 39 12 26 86 94 39 95 70 34 78 67 1 97 2 17 92 52 56 1 80 86 41 65 89 44 19 40 29 31 17 97 71 81 75 9 27 67 56 97 53 86 65 6 83 19 24 28 71 32 29 3 19 70 68 8 15 40 49 96 23 18 45 46 51 21 55 79 88 64 28 41 50 93 0 34 64 24 14 87 56 43 91 27 65 59 36 32 51 37 28 75 7 74 21 58 95 29 37 35 93 18 28 43 11 28 29 
-1
200
83 86 77 15 93 35 86 92 49 21 62 27 90 59 63 26 40 26 72 36 11 68 67 29 82 30 62 23 67 35 29 2 22 58 69 67 93 56 11 42 29 73 21 19 84 37 98 24 15 70 13 26 91 80 56 73 62 70 96 81 5 25 84 27 36 5 46 29 13 57 24 95 82 45 14 67 34 64 43 50 87 8 76 78 88 84 3 51 54 99 32 60 76 68 39 12 26 86 94 39 95 70 34 78 67 1 97 2 17 92 52 56 1 80 86 41 65 89 44 19 40 29 31 17 97 71 81 75 9 27 67 56 97 53 86 65 6 83 19 24 28 71 32 29 3 19 70 68 8 15 40 49 96 23 18 45 46 51 21 55 79 88 64 28 41 50 93 0 34 64 24 14 87 56 43 91 27 65 59 36 32 51 37 28 75 7 74 21 58 95 29 37 35 93 18 28 43 11 28 29 
-1
200
83 86 77 15 93 35 86 92 49 21 62 27 90 59 63 26 40 26 72 36 11 68 67 29 82 30 62 23 67 35 29 2 22 58 69 67 93 56 11 42 29 73 21 19 84 37 98 24 15 70 13 26 91 80 56 73 62 70 96 81 5 25 84 27 36 5 46 29 13 57 24 95 82 45 14 67 34 64 43 50 87 8 76 78 88 84 3 51 54 99 32 60 76 68 39 12 26 86 94 39 95 70 34 78 67 1 97 2 17 92 52 56 1 80 86 41 65 89 44 19 40 29 31 17 97 71 81 75 9 27 67 56 97 53 86 65 6 83 19 24 28 71 32 29 3 19 70 68 8 15 40 49 96 23 18 45 46 51 21 55 79 88 64 28 41 50 93 0 34 64 24 14 87 56 43 91 27 65 59 36 32 51 37 28 75 7 74 21 58 95 29 37 35 93 18 28 43 11 28 29 
-1
200
383 886 777 915 793 335 386 492 649 421 362 27 690 59 763 926 540 426 172 736 211 368 567 429 782 530 862 123 67 135 929 802 22 58 69 167 393 456 11 42 229 373 421 919 784 537 198 324 315 370 413 526 91 980 956 873 862 170 996 281 305 925 84 327 336 505 846 729 313 857 124 895 582 545 814 367 434 364 43 750 87 808 276 178 788 584 403 651 754 399 932 60 676 368 739 12 226 586 94 539 795 570 434 378 467 601 97 902 317 492 652 756 301 280 286 441 865 689 444 619 440 729 31 117 97 771 481 675 709 927 567 856 497 353 586 965 306 683 219 624 528 871 732 829 503 19 270 368 708 715 340 149 796 723 618 245 846 451 921 555 379 488 764 228 841 350 193 500 34 764 124 914 987 856 743 491 227 365 859 936 432 551 437 228 275 407 474 121 858 395 29 237 235 793 818 428 143 11 928 529 
-1
200
3 6 7 5 3 5 6 2 9 1 2 7 0 9 3 6 0 6 2 6 1 8 7 9 2 0 2 3 7 5 9 2 2 8 9 7 3 6 1 2 9 3 1 9 4 7 8 4 5 0 3 6 1 0 6 3 2 0 6 1 5 5 4 7 6 5 6 9 3 7 4 5 2 5 4 7 4 4 3 0 7 8 6 8 8 4 3 1 4 9 2 0 6 8 9 2 6 6 4 9 5 0 4 8 7 1 7 2 7 2 2 6 1 0 6 1 5 9 4 9 0 9 1 7 7 1 1 5 9 7 7 6 7 3 6 5 6 3 9 4 8 1 2 9 3 9 0 8 8 5 0 9 6 3 8 5 6 1 1 5 9 8 4 8 1 0 3 0 4 4 4 4 7 6 3 1 7 5 9 6 2 1 7 8 5 7 4 1 8 5 9 7 5 3 8 8 3 1 8 9 
-1
